MAF	0.492063492063	0.466666666667	1	1
NRF1	0.486325802616	0.508676251859	1	1
RARA::RXRG	0.503623188406	0.506361323155	1	1
E2F8	0.5	0.435483870968	1	1
TCF3	0.519434628975	0.420320855615	1	0.0009215764150265737
RELB	0.436363636364	0.435185185185	1	1
Nr2f6(var.2)	0.459259259259	0.572953736655	1	1
DMRTA2	0.458333333333	0.545454545455	1	1
NFYA	0.530660377358	0.465648854962	1	1
SPIC	0.566037735849	0.395604395604	1	1
SP2	0.548108430146	0.390784982935	1.9936238935280842e-05	2.3013102888382866e-23
RFX4	0.504310344828	0.488826815642	1	1
CREB3L4	0.525252525253	0.458015267176	1	1
SREBF1	0.481481481481	0.39603960396	1	1
CTCFL	0.498810090433	0.51863084922	1	1
SOX4	0.453333333333	0.347826086957	1	1
ZNF274	0.489795918367	0.5	1	1
BHLHE23	0.705882352941	0.7	1	1
GFI1	0.413793103448	0.230769230769	1	0.7945046473760157
TFCP2	0.5	0.538461538462	1	1
GATA6	0.333333333333	0.285714285714	1	1
Ebf2	0.554263565891	0.407975460123	1	0.785764229375915
E2F6	0.482419127989	0.556133056133	1	0.0006917015238011595
Gfi1b	0.35	0.333333333333	1	1
SCRT2	0.528735632184	0.477876106195	1	1
MAX::MYC	0.493506493506	0.566666666667	1	1
HNF4A(var.2)	0.540983606557	0.509803921569	1	1
FOSL1::JUN	0.435897435897	0.357142857143	1	1
NR1I2	0.528571428571	0.505617977528	1	1
YY1	0.438953488372	0.704681872749	1	4.6540180445855294e-30
ELF2	0.6	0.560975609756	1	1
ELF1	0.460063897764	0.534653465347	1	1
NFIX(var.2)	0.498054474708	0.547368421053	1	1
HOXD12	0.0	0.333333333333	1	1
NFKB1	0.515384615385	0.495890410959	1	1
STAT3	0.458100558659	0.460526315789	1	1
KLF13	0.509345794393	0.383259911894	1	0.39488518850179777
Foxd3	0.37375	0.631067961165	6.766282414538183e-10	8.601303653815677e-05
THRB(var.2)	0.480263157895	0.5	1	1
TEAD2	0.451388888889	0.4	1	1
KLF9	0.502789140945	0.368785656072	1	4.400105495104829e-36
BACH2(var.2)	0.473684210526	0.5	1	1
ESX1	0.333333333333	0.636363636364	1	1
NFIC(var.2)	0.516393442623	0.508474576271	1	1
ATF2	0.484848484848	0.53488372093	1	1
FEV	0.526717557252	0.550458715596	1	1
Zic1::Zic2	0.532588454376	0.380835380835	1	8.008052235584782e-09
Tcf21	0.522388059701	0.546875	1	1
ETV2	0.583333333333	0.421052631579	1	1
NR1H2::RXRA	0.414893617021	0.421686746988	1	1
ZEB1	0.523900573614	0.389010989011	1	1.6643711846053966e-08
Arntl	0.518518518519	0.492063492063	1	1
FOSL2	0.450549450549	0.507042253521	1	1
MEIS2(var.2)	0.409090909091	0.722222222222	1	1
FOSL2::JUN	0.515151515152	0.684210526316	1	1
ESR1	0.443298969072	0.504347826087	1	1
RUNX1	0.490196078431	0.610619469027	1	1
ELK4	0.47134935305	0.444230769231	1	1
ZBTB26	0.647398843931	0.387665198238	0.09683223585743939	0.6454724941605109
ZNF740	0.543451652387	0.415318744053	0.013650508134065655	6.269389813239893e-12
TFAP2A(var.2)	0.518796992481	0.490971625107	1	1
Sox6	0.488888888889	0.511111111111	1	1
IRF5	0.59375	0.516129032258	1	1
FLI1	0.526717557252	0.550458715596	1	1
GBX1	0.333333333333	0.636363636364	1	1
KLF14	0.521888834235	0.393139841689	1	4.36573365168877e-10
KLF5	0.540571721574	0.410739052903	6.045850487642199e-10	4.285050244951043e-34
CENPB	0.6	0.447368421053	1	1
BHLHE41	0.5	0.483516483516	1	1
Ptf1a(var.3)	0.431818181818	0.547368421053	1	1
MAFA	0.505747126437	0.496453900709	1	1
Ascl2	0.506211180124	0.48353909465	1	1
FOS::JUN(var.2)	0.462121212121	0.508771929825	1	1
FOXC1	0.48	0.214285714286	1	1
IRF2	0.552631578947	0.481012658228	1	1
Dmrt1	0.515151515152	0.25	1	1
BHLHE22(var.2)	0.5	0.5	1	1
TGIF1	0.442857142857	0.507462686567	1	1
KLF3	0.483275663206	0.399736147757	1	2.7955991856860423e-05
CEBPA	0.444444444444	0.25	1	1
SREBF2(var.2)	0.490566037736	0.307692307692	1	1
GRHL1	0.5	0.6	1	1
ELK3	0.526717557252	0.550458715596	1	1
PHOX2B	0.592592592593	0.409090909091	1	1
PLAGL2	0.547008547009	0.464757709251	1	1
MEF2A	0.494505494505	0.514285714286	1	1
RREB1	0.541763341067	0.39554158331	0.000750938207339706	2.3157424964475978e-32
ERF	0.526717557252	0.550458715596	1	1
ETV1	0.449799196787	0.537777777778	1	1
SOX14	0.666666666667	0.5	1	1
OVOL1	0.6	0.5	1	1
MSGN1	0.433333333333	0.555555555556	1	1
POU4F2	0.333333333333	0.666666666667	1	1
Wt1	0.521067783303	0.447128532361	1	1.966126933930901e-09
Smad2::Smad3	0.547945205479	0.489361702128	1	1
E2F4	0.5	0.375	1	1
Pou5f1::Sox2	0.533333333333	0.53125	1	1
MYOD1	0.44512195122	0.409090909091	1	1
TBX18	0.545454545455	0.583333333333	1	1
HOXA10	0.595238095238	0.5	1	1
REST	0.552204176334	0.397759103641	1	3.869476756981897e-05
NR1D2	0.494117647059	0.54347826087	1	1
JUN	0.48	0.542857142857	1	1
SP8	0.528641571195	0.365348399247	1	8.560419142644228e-33
INSM1	0.487804878049	0.58064516129	1	0.050569020837282805
PRDM4	0.563218390805	0.582278481013	1	1
ZFP42	0.460358056266	0.645614035088	1	9.848342923845303e-15
SOX13	0.396825396825	0.5	1	1
HINFP	0.522727272727	0.5	1	1
GCM2	0.285714285714	0.6	1	1
RFX2	0.497872340426	0.493261455526	1	1
RFX5	0.480988593156	0.494708994709	1	1
FOSL1	0.36	0.333333333333	1	1
MEF2C	0.489795918367	0.296296296296	1	1
FOXC2	0.477272727273	0.296296296296	1	1
EHF	0.561349693252	0.422580645161	1	1
IRF8	0.450980392157	0.4	1	1
CREM	0.5	0.5	1	1
Hoxa11	0.4	0.4	1	1
Tcf12	0.507042253521	0.454081632653	1	1
Hand1::Tcf3	0.515151515152	0.428571428571	1	1
Lhx3	0.47619047619	0.384615384615	1	1
Stat5a::Stat5b	0.542056074766	0.440476190476	1	1
Dmbx1	0.8	0.333333333333	1	1
BCL6	0.357142857143	0.688888888889	1	1
TWIST1	0.545454545455	0.546391752577	1	1
SNAI1	0.484304932735	0.530035335689	1	1
KLF15	0.529505582137	0.407205473594	2.8455371695423616e-07	1.7090615175932712e-69
ZBTB14	0.537234042553	0.419533169533	1	6.739168963849804e-08
Stat5b	0.490566037736	0.459459459459	1	1
TEAD1	0.490909090909	0.324324324324	1	1
EGR2	0.491961414791	0.350282485876	1	1.4113638521229836e-05
GATA4	0.422680412371	0.621951219512	1	1
Pparg::Rxra	0.507751937984	0.490196078431	1	1
FOS::JUNB	0.619047619048	0.457142857143	1	1
SRF	0.461538461538	0.4375	1	1
PRDM1	0.45501285347	0.557177615572	1	1
HNF4A	0.495495495495	0.302325581395	1	0.23648146457912012
SOHLH2	0.553398058252	0.432203389831	1	1
KLF10	0.47923681257	0.363787375415	1	1.7328264419505018e-08
RARA(var.2)	0.565656565657	0.504347826087	1	1
SMAD2::SMAD3::SMAD4	0.423963133641	0.495238095238	1	1
BACH1	0.496	0.48623853211	1	1
ETS2	0.480263157895	0.525179856115	1	1
LEF1	0.413333333333	0.488888888889	1	1
ELF3	0.552162849873	0.456824512535	1	1
IKZF1	0.516483516484	0.35625	1	0.25651774953883644
ZNF136	0.5	0.647058823529	1	1
Arid5a	0.384615384615	0.428571428571	1	1
EBF1	0.524804177546	0.49128540305	1	1
NR2F2	0.581395348837	0.519230769231	1	1
FOXA2	0.481481481481	0.384615384615	1	1
RARG(var.3)	0.507462686567	0.372549019608	1	1
TGIF2LX	0.5	0.494117647059	1	1
PPARG	0.567307692308	0.394957983193	1	1
XBP1	0.444444444444	0.627118644068	1	1
Alx4	0.428571428571	0.5	1	1
CREB1	0.45	0.45	1	1
RXRG(var.2)	0.5	0.517857142857	1	1
NR6A1	0.5	0.518248175182	1	1
HES2	0.480676328502	0.532520325203	1	1
ONECUT1	0.5	0.411764705882	1	1
GSC2	1.0	0.5	1	1
ZSCAN29	0.6	0.514705882353	1	1
NFKB2	0.498269896194	0.507177033493	1	1
CLOCK	0.5	0.461538461538	1	1
ELF4	0.512048192771	0.549668874172	1	1
ZBTB7B	0.571428571429	0.349315068493	1	0.25322852878279745
Six3	0.631578947368	0.521739130435	1	1
PAX3(var.2)	0.3	0.333333333333	1	1
ZNF24	0.307048984468	0.491916859122	1.3163895897375285e-26	1
TFEC	0.497835497835	0.408163265306	1	1
TCF21(var.2)	0.588235294118	0.4	1	1
TGIF2	0.430769230769	0.520547945205	1	1
DUX4	0.588235294118	0.142857142857	1	1
HOXA13	0.606060606061	0.413793103448	1	1
ZBTB7C	0.51724137931	0.384615384615	1	0.08484683073189032
ESR2	0.455696202532	0.440251572327	1	1
NRL	0.5	0.45	1	1
Klf1	0.457760314342	0.389548693587	1	0.005044079777695856
FOXE1	0.6	0.344827586207	1	1
MAF::NFE2	0.537313432836	0.528301886792	1	1
ZFP57	0.385714285714	0.527397260274	1	1
MYOG	0.497005988024	0.494136043784	1	1
NFIC	0.523255813953	0.441176470588	1	1
NR5A1	0.54328358209	0.409470752089	1	0.5289678871270065
NKX2-2	0.479166666667	0.422535211268	1	1
ZBED1	0.666666666667	0.454545454545	1	1
Gmeb1	0.396551724138	0.577319587629	1	1
GRHL2	0.447058823529	0.365384615385	1	1
FOSB::JUN	0.494252873563	0.470588235294	1	1
ZNF263	0.494318181818	0.567811934901	1	7.864871184053798e-10
ZNF16	0.52644836272	0.555555555556	1	1
Ptf1a	0.568181818182	0.52380952381	1	1
ELK1	0.526717557252	0.550458715596	1	1
Hmx3	0.4	0.307692307692	1	1
PROX1	0.52380952381	0.3	1	1
THRB(var.3)	0.508333333333	0.55652173913	1	1
IRF1	0.496815286624	0.603112840467	1	0.8493843584570347
Nr5a2	0.504132231405	0.449152542373	1	1
E2F2	0.581395348837	0.310344827586	1	1
PKNOX2	0.513157894737	0.507462686567	1	1
Sox1	0.481481481481	0.4375	1	1
RELA	0.571428571429	0.52	1	1
BATF3	0.571428571429	0.666666666667	1	1
DMRTC2	0.333333333333	0.166666666667	1	1
ZNF143	0.531400966184	0.412587412587	1	1
GABPA	0.527972027972	0.46332046332	1	1
GATA5	0.53488372093	0.571428571429	1	1
LBX2	0.333333333333	0.636363636364	1	1
Foxl2	0.538461538462	0.272727272727	1	1
Arx	0.428571428571	0.5	1	1
CREB3L1	0.490196078431	0.40350877193	1	1
NFYB	0.50895140665	0.464285714286	1	1
HSF4	0.5	0.5	1	1
KLF16	0.531725116562	0.393109061313	0.0065990328380899944	7.748007739487656e-36
NHLH1	0.464788732394	0.466786355476	1	1
MZF1(var.2)	0.482789855072	0.512685914261	1	1
BATF	0.461538461538	0.4	1	1
PBX1	0.388888888889	0.769230769231	1	1
NR2F1(var.3)	0.511363636364	0.493975903614	1	1
ZNF682	0.544474393531	0.41928721174	1	0.0005155859207856356
SOX10	0.486956521739	0.429752066116	1	1
EGR4	0.521466905188	0.385699899295	1	4.3995300032158713e-10
Rxra	0.561111111111	0.489795918367	1	1
TBX19	0.52	0.47619047619	1	1
OVOL2	0.714285714286	0.5	1	1
HESX1	0.666666666667	0.363636363636	1	1
HES1	0.482824427481	0.558139534884	1	1
ZNF460	0.51714102788	0.479684830074	0.005404978374363669	0.02364789231698678
IRF4	0.513513513514	0.366666666667	1	1
HOXD13	0.565217391304	0.478260869565	1	1
NEUROD2	0.5	0.5	1	1
MYB	0.461538461538	0.385416666667	1	1
MEIS1(var.2)	0.5	0.5	1	1
Alx1	0.636363636364	0.285714285714	1	1
GLI2	0.536231884058	0.418439716312	1	1
Rhox11	0.538461538462	0.466666666667	1	1
FOXA1	0.416666666667	0.363636363636	1	1
CDX4	0.608695652174	0.533333333333	1	1
TCF12(var.2)	0.514869888476	0.422737306843	1	0.002772029378667984
HOXD10	0.0	0.6	1	1
POU2F2	0.443037974684	0.515151515152	1	1
CREB3	0.5	0.6	1	1
TP63	0.4	0.473684210526	1	1
Mafb	0.642857142857	0.235294117647	1	1
FOXK2	0.8	0.384615384615	1	1
ZNF528	0.547945205479	0.431818181818	1	1
TFAP2E	0.493670886076	0.498603351955	1	1
NFIB	0.5104	0.51186440678	1	1
MXI1	0.489130434783	0.490566037736	1	1
NR4A2::RXRA	0.549295774648	0.521739130435	1	1
RARA::RXRA	0.546052631579	0.470899470899	1	1
Klf12	0.50278551532	0.394014962594	1	0.019096115180971544
GLIS3	0.457446808511	0.469230769231	1	1
NR1D1	0.560747663551	0.488549618321	1	1
JUN::JUNB(var.2)	0.446808510638	0.472222222222	1	1
DUXA	0.652173913043	0.333333333333	1	1
ZNF75D	0.487804878049	0.590163934426	1	1
GLIS1	0.539473684211	0.5	1	1
TP53	0.490909090909	0.5	1	1
MAX	0.465517241379	0.545454545455	1	1
HLF	0.181818181818	0.454545454545	1	1
TEF	0.444444444444	0.5	1	1
TCF7	0.666666666667	0.673076923077	1	1
Twist2	0.333333333333	0.615384615385	1	1
FIGLA	0.491803278689	0.571428571429	1	1
PAX6	0.636363636364	0.444444444444	1	1
HIF1A	0.472222222222	0.472222222222	1	1
JUN(var.2)	0.515463917526	0.528735632184	1	1
Plagl1	0.534246575342	0.503296703297	1	1
YY2	0.44776119403	0.619402985075	1	1.9120519888137396e-10
ETV4	0.454183266932	0.531034482759	1	1
NR3C1	0.512195121951	0.446153846154	1	1
TGIF2LY	0.544117647059	0.484375	1	1
Nkx2-5(var.2)	0.54347826087	0.397590361446	1	1
SPDEF	0.5	0.636363636364	1	1
Znf281	0.472541507024	0.567451820128	1	4.496815193537697e-06
KLF11	0.514480963228	0.367324561404	1	4.0820155729619885e-27
SOX2	0.46875	0.666666666667	1	1
BARX2	0.611111111111	0.5625	1	1
FOSL2::JUN(var.2)	0.486910994764	0.506329113924	1	1
MYCN	0.5	0.5	1	1
Znf423	0.484615384615	0.472067039106	1	1
NR2C2	0.518796992481	0.525229357798	1	1
POU2F1	0.488372093023	0.526315789474	1	1
BATF::JUN	0.461538461538	0.4	1	1
ZNF382	0.530303030303	0.259259259259	1	0.39943488513136866
Spz1	0.590163934426	0.422535211268	1	1
NKX2-5	0.567164179104	0.490566037736	1	1
SREBF1(var.2)	0.367647058824	0.387096774194	1	1
FOXF2	0.785714285714	0.571428571429	1	1
RORA(var.2)	0.52380952381	0.5	1	1
FOXD2	0.41935483871	0.176470588235	1	1
SREBF2	0.4	0.647058823529	1	1
SPI1	0.524324324324	0.51106639839	1	1
TBX6	0.5	0.733333333333	1	1
SMAD3	0.4	0.555555555556	1	1
KLF6	0.519553072626	0.359183673469	1	1.5140221877763767e-11
HNF1A	0.521739130435	0.285714285714	1	1
NR2F1	0.429292929293	0.564417177914	1	1
POU4F3	0.290322580645	0.52380952381	1	1
Ar	0.490909090909	0.523255813953	1	1
PAX9	0.393939393939	0.388888888889	1	1
BARHL2	0.625	0.6	1	1
GCM1	0.684210526316	0.511111111111	1	1
HNF4G	0.527777777778	0.311827956989	1	0.2728835750142254
FOXP2	0.363636363636	0.647058823529	1	1
Rarg(var.2)	0.448	0.477064220183	1	1
RFX3	0.521582733813	0.581632653061	1	1
Ddit3::Cebpa	0.551724137931	0.409090909091	1	1
MAZ	0.52322986407	0.465734507164	0.866777901403143	0.00014485413782004068
GSC	0.470588235294	0.652173913043	1	1
IRF7	0.607142857143	0.30303030303	1	1
SP3	0.51949377424	0.374655647383	1	4.988077094850264e-39
Nfe2l2	0.506024096386	0.435294117647	1	1
ZNF148	0.531022984399	0.453743496946	1.0259604574097492e-05	2.5951419993926976e-15
TFAP2B(var.2)	0.498338870432	0.449404761905	1	1
PBX3	0.473684210526	0.557768924303	1	1
ZKSCAN5	0.475935828877	0.619339045288	1	6.836552294932803e-09
TFAP2A	0.51261829653	0.459158415842	1	1
GATA2	0.505747126437	0.428571428571	1	1
SMAD5	0.4	0.555555555556	1	1
NR1H4::RXRA	0.538461538462	0.516666666667	1	1
ZNF140	0.532934131737	0.625	1	1
KLF4	0.503071672355	0.417465156794	1	3.1671432321681086e-26
Stat4	0.539682539683	0.454081632653	1	1
NEUROD1	0.537735849057	0.443609022556	1	1
ATF3	0.5	0.5	1	1
Zic2	0.51888667992	0.376237623762	1	3.582741919391004e-08
ZNF410	0.25	0.222222222222	1	1
ZIC5	0.533870967742	0.445512820513	1	0.7105241305257144
NR3C2	0.428571428571	0.471428571429	1	1
JUNB	0.391304347826	0.307692307692	1	1
Creb5	0.565217391304	0.560975609756	1	1
NEUROG2(var.2)	0.538461538462	0.47963800905	1	1
NFYC	0.526442307692	0.453416149068	1	1
Nr1h3::Rxra	0.59375	0.571428571429	1	1
Hmx1	0.3	0.4	1	1
NR2F6(var.3)	0.538461538462	0.479591836735	1	1
RUNX3	0.428571428571	0.340909090909	1	1
HNF1B	0.4375	0.833333333333	1	1
ELF5	0.590909090909	0.566176470588	1	1
RARA	0.522522522523	0.467741935484	1	1
DMRT3	0.615384615385	0.0	1	1
BACH2	0.5	0.529411764706	1	1
FERD3L	0.478672985782	0.513368983957	1	1
BCL6B	0.357142857143	0.512820512821	1	1
GLIS2	0.518518518519	0.428240740741	1	1
ESRRB	0.487804878049	0.592592592593	1	1
SP1	0.536744419363	0.359623015873	0.0027754159376743503	6.65283932722648e-34
GATA1::TAL1	0.547169811321	0.549019607843	1	1
OSR2	0.521428571429	0.337662337662	1	0.05121464085209313
Stat5a	0.439393939394	0.520833333333	1	1
TFEB	0.5	0.5	1	1
BHLHA15(var.2)	0.447368421053	0.31914893617	1	1
MIXL1	0.333333333333	0.636363636364	1	1
E2F3	0.48275862069	0.473684210526	1	1
MAFF	0.371428571429	0.65	1	1
SIX2	0.471698113208	0.52	1	1
Nr2f6	0.51598173516	0.484304932735	1	1
Prdm15	0.477419354839	0.514925373134	1	1
E2F1	0.481481481481	0.521739130435	1	1
IRF9	0.526315789474	0.4	1	1
FOXA3	0.526315789474	0.529411764706	1	1
HEY1	0.505836575875	0.487341772152	1	1
TBP	0.758620689655	0.766666666667	0.07497053765478444	1
SNAI3	0.617021276596	0.307692307692	1	1
ONECUT3	0.394736842105	0.47619047619	1	1
NFIC::TLX1	0.479166666667	0.52688172043	1	1
MEF2B	0.510638297872	0.214285714286	1	1
ZNF341	0.45	0.511415525114	1	1
Stat6	0.436974789916	0.505050505051	1	1
BHLHE40	0.502092050209	0.459459459459	1	1
IRF3	0.458333333333	0.397163120567	1	1
ZNF384	0.504792332268	0.426356589147	1	1
RBPJ	0.462962962963	0.534482758621	1	1
MNT	0.530303030303	0.511627906977	1	1
POU4F1	0.30303030303	0.4375	1	1
ESRRA	0.535014005602	0.426553672316	1	1
Bach1::Mafk	0.516949152542	0.492424242424	1	1
Stat2	0.493055555556	0.395833333333	1	1
CEBPD	0.526315789474	0.4375	1	1
HEY2	0.515151515152	0.478260869565	1	1
ZBTB12	0.526041666667	0.448717948718	1	1
HES6	0.547619047619	0.605263157895	1	1
RXRA::VDR	0.441176470588	0.438596491228	1	1
NR2F1(var.2)	0.514893617021	0.513513513514	1	1
EGR1	0.509470151043	0.39875701684	1	9.756182301171931e-44
EN2	0.608695652174	0.333333333333	1	1
ATOH1(var.2)	0.447368421053	0.31914893617	1	1
ONECUT2	0.434782608696	0.714285714286	1	1
MITF	0.5	0.5	1	1
FOXP1	0.714285714286	0.217391304348	1	1
ZSCAN4	0.47619047619	0.393617021277	1	1
POU3F3	0.615384615385	0.538461538462	1	1
JUND	0.380952380952	0.28	1	1
DBP	0.5	0.333333333333	1	1
MTF1	0.586206896552	0.454545454545	1	1
ZNF135	0.523229589535	0.489661962586	0.11827746321012901	1
RFX1	0.547413793103	0.591194968553	1	1
HES7	0.484716157205	0.51572327044	1	1
HOXC11	0.0	0.6	1	1
POU1F1	0.475409836066	0.277777777778	1	1
NKX2-3	0.454545454545	0.636363636364	1	1
ATF7	0.5	0.514705882353	1	1
STAT1	0.547619047619	0.485714285714	1	1
GLI3	0.506024096386	0.436111111111	1	1
NFIA	0.564102564103	0.390243902439	1	1
ZNF652	0.589285714286	0.558139534884	1	1
USF2	0.495762711864	0.510526315789	1	1
ZNF317	0.553191489362	0.545454545455	1	1
TEAD4	0.46218487395	0.350649350649	1	1
TP73	0.591836734694	0.529411764706	1	1
TFAP2C	0.499079189687	0.50894085282	1	1
TFAP2B	0.499115044248	0.490322580645	1	1
JDP2(var.2)	0.514285714286	0.520833333333	1	1
ZIC1	0.52183908046	0.508305647841	1	1
MYC	0.574257425743	0.453608247423	1	1
OSR1	0.454545454545	0.565217391304	1	1
TFDP1	0.443082311734	0.538100820633	1	1
GATA1	0.6	0.6	1	1
TFAP2B(var.3)	0.501428571429	0.490644490644	1	1
ZNF449	0.613043478261	0.408637873754	0.5494106751010767	1
FOSL1::JUNB	0.407407407407	0.473684210526	1	1
TBX2	0.571428571429	0.642857142857	1	1
CEBPB	0.571428571429	0.0	1	1
ZBTB18	0.582417582418	0.48275862069	1	1
RXRG	0.539473684211	0.511627906977	1	1
EGR3	0.532517707663	0.399358974359	1	1.3775772054199367e-12
HOXC13	0.5	0.571428571429	1	1
TFAP2A(var.3)	0.4848143982	0.521202775636	1	1
CTCF	0.604575163399	0.51184346035	1.9204975918235506e-10	1
Isl1	0.322580645161	0.464285714286	1	1
MEF2D	0.5	0.307692307692	1	1
TCFL5	0.616071428571	0.379679144385	0.4649434764812897	0.9193424219735233
SPIB	0.496629213483	0.453804347826	1	1
HES5	0.49756097561	0.492424242424	1	1
JUNB(var.2)	0.535714285714	0.590163934426	1	1
MAFG	0.459459459459	0.5	1	1
RXRB	0.529761904762	0.478021978022	1	1
ATF6	0.585365853659	0.367647058824	1	1
ZNF684	0.452941176471	0.426573426573	1	1
TBX3	0.505494505495	0.52808988764	1	1
ATF4	0.444444444444	0.529411764706	1	1
Rbpjl	0.509090909091	0.474820143885	1	1
CDX1	0.5	0.526315789474	1	1
SIX1	0.461538461538	0.47619047619	1	1
MYBL2	0.5	0.578947368421	1	1
RORB	0.590909090909	0.5	1	1
LHX2	0.272727272727	0.4	1	1
VEZF1	0.469696969697	0.475	1	1
EOMES	0.575757575758	0.647058823529	1	1
POU3F1	0.52	0.416666666667	1	1
E2F7	0.471698113208	0.479166666667	1	1
HAND2	0.394366197183	0.4	1	1
PBX2	0.5	0.315789473684	1	1
Rarb	0.458426966292	0.551886792453	1	1
ASCL1(var.2)	0.487614080834	0.443987667009	1	0.3946802845665463
POU3F2	0.553191489362	0.363636363636	1	1
USF1	0.525773195876	0.503184713376	1	1
NR4A1	0.506329113924	0.564102564103	1	1
PKNOX1	0.40671641791	0.583850931677	1	1
MYF5	0.5	0.5	1	1
SOX12	0.2	0.0	1	1
ZNF282	0.609756097561	0.451923076923	1	1
Foxf1	0.52380952381	0.555555555556	1	1
ARNT2	0.558441558442	0.612903225806	1	1
TBXT	0.529411764706	0.466666666667	1	1
SNAI2	0.461847389558	0.473684210526	1	1
THAP11	0.601047904192	0.510108864697	1.1434659349620297e-10	1
RORC	0.409090909091	0.636363636364	1	1
KLF2	0.535044044427	0.382583868665	0.0003245465184338486	8.18544791474435e-33
CREB3L4(var.2)	0.485788113695	0.465838509317	1	1
STAT1::STAT2	0.496932515337	0.5	1	1
MAFK	0.474358974359	0.504201680672	1	1
OTX2	0.453125	0.539682539683	1	1
HOXB13	0.527777777778	0.555555555556	1	1
ERG	0.526717557252	0.550458715596	1	1
ZBTB6	0.483370288248	0.493852459016	1	1
TFAP2C(var.2)	0.474272930649	0.551644988523	1	0.15489201413172615
Rarb(var.2)	0.55	0.492753623188	1	1
MYBL1	0.4	0.666666666667	1	1
Rarg	0.438566552901	0.549618320611	1	1
SP4	0.527059970746	0.371807000946	0.41608956689530263	1.9959078783811217e-29
Nkx3-2	0.642857142857	0.307692307692	1	1
SOX21	0.526315789474	0.4375	1	1
ZBTB7A	0.535714285714	0.554232804233	1	1
EBF3	0.555133079848	0.425	1	1
Npas2	0.441860465116	0.560975609756	1	1
ASCL1	0.5	0.5	1	1
Sox11	0.6	0.642857142857	1	1
CEBPG(var.2)	0.514285714286	0.5	1	1
ETV3	0.526717557252	0.550458715596	1	1
JUND(var.2)	0.449275362319	0.583333333333	1	1
Foxj3	0.636363636364	0.433962264151	1	1
POU2F3	0.621212121212	0.357142857143	1	1
FOS	0.448275862069	0.55	1	1
EWSR1-FLI1	0.562915479582	0.43273476597	2.465887668067558e-13	3.4858961327119003e-12
THRB	0.541176470588	0.538745387454	1	1
MZF1	0.467213114754	0.427272727273	1	1
KLF17	0.519859813084	0.371859296482	1	4.2216664094569545e-13
HOXA9	0.75	0.333333333333	1	1
PPARD	0.53431372549	0.521327014218	1	1
Foxo1	0.486486486486	0.466666666667	1	1
Mecom	0.64	0.461538461538	1	1
GBX2	0.333333333333	0.636363636364	1	1
CEBPG	0.571428571429	0.0	1	1
REL	0.509433962264	0.535947712418	1	1
FOS::JUND	0.56	0.613636363636	1	1
FOXH1	0.6	0.410256410256	1	1
ZBTB33	0.516666666667	0.532608695652	1	1
NFIL3	0.3	0.4	1	1
TCF4	0.518844221106	0.455100261552	1	1
FOSL2::JUNB(var.2)	0.5	0.5	1	1
NFE2L1	0.539473684211	0.46	1	1
CDX2	0.536585365854	0.551724137931	1	1
ETV5	0.465618860511	0.425438596491	1	1
CEBPE	0.571428571429	0.0	1	1
SCRT1	0.479452054795	0.585106382979	1	1
MSANTD3	0.551724137931	0.176470588235	1	0.002528065649897824
TCF7L1	0.457142857143	0.295081967213	1	1
TAL1::TCF3	0.533333333333	0.487804878049	1	1
RXRB(var.2)	0.46218487395	0.511811023622	1	1
HSF1	0.512820512821	0.575342465753	1	1
HSF2	0.494117647059	0.536585365854	1	1
mix-a	0.375	0.8	1	1
TBX20	0.481481481481	0.675	1	1
POU5F1	0.5	0.5	1	1
PAX1	0.333333333333	0.48275862069	1	1
FOSL2::JUND(var.2)	0.492647058824	0.504273504274	1	1
Zfx	0.513789107764	0.515168970814	1	1
ZIC4	0.520593080725	0.464174454829	1	1
FOXK1	0.545454545455	0.461538461538	1	1
Crx	0.434782608696	0.542857142857	1	1
TCF7L2	0.380952380952	0.426229508197	1	1
RARB(var.3)	0.5	0.448717948718	1	1
ETV6	0.470588235294	0.611111111111	1	1
TFAP2C(var.3)	0.491544532131	0.506172839506	1	1
ETS1	0.495	0.516483516484	1	1
ZIC3	0.521951219512	0.463718820862	1	1
Ptf1a(var.2)	0.5	0.5	1	1
Hmx2	0.470588235294	0.4375	1	1
NR1H4	0.681818181818	0.25	1	1
NFE2	0.470588235294	0.411764705882	1	1
HOXC12	0.0	0.6	1	1
PLAG1	0.499034749035	0.562272396213	1	0.0032514433567929447
PPARA::RXRA	0.503649635036	0.537931034483	1	1
NHLH2	0.532091097308	0.512557077626	1	1
PAX5	0.395604395604	0.612612612613	1	1
